fecha hora Temperatura Humedad Presión Dirección Velocidad Altura Ozono
11/04/2012 09:20:44 21.5 46.4 785.4 15.8 0.0 0.3 13.3
11/04/2012 09:20:49 21.6 46.6 785.1 57.3 0.2 5.1 13.5
11/04/2012 09:20:54 21.8 46.3 784.6 99.7 0.9 11.8 13.3
11/04/2012 09:20:59 21.9 45.6 783.9 83.1 0.9 19.1 13.3
11/04/2012 09:21:04 22.1 45.0 783.3 96.6 1.2 23.9 13.6
11/04/2012 09:21:09 22.2 44.6 782.7 108.8 1.2 29.7 13.8
11/04/2012 09:21:14 22.3 44.3 782.4 62.4 0.9 33.9 13.8
11/04/2012 09:21:19 22.3 44.1 781.9 97.9 0.7 37.7 13.8
11/04/2012 09:21:24 22.4 43.9 781.4 91.8 1.2 43.5 13.8
11/04/2012 09:21:29 22.4 43.7 781.0 76.0 1.3 48.3 13.7
11/04/2012 09:21:34 22.3 43.8 780.5 51.5 0.9 51.8 14.0
11/04/2012 09:21:39 22.3 44.0 780.2 40.6 0.8 53.7 14.2
11/04/2012 09:21:44 22.3 44.0 779.6 54.9 0.8 60.8 14.2
11/04/2012 09:21:49 22.3 43.8 779.2 73.2 0.9 65.6 14.0
11/04/2012 09:21:54 22.2 43.9 778.8 76.8 1.0 69.2 13.9
11/04/2012 09:21:59 22.2 44.0 778.4 37.1 0.9 74.6 13.9
11/04/2012 09:22:04 22.1 44.1 778.0 31.5 1.4 76.6 14.4
11/04/2012 09:22:09 21.9 44.3 777.7 35.6 2.0 80.1 14.2
11/04/2012 09:22:14 21.8 44.5 777.4 24.0 1.9 83.6 14.2
11/04/2012 09:22:19 21.7 44.7 777.1 27.2 0.6 87.5 14.0
11/04/2012 09:22:24 21.7 45.0 776.6 35.8 0.8 92.3 13.8
11/04/2012 09:22:29 21.7 45.0 776.2 108.0 1.6 96.8 13.7
11/04/2012 09:22:34 21.7 44.8 775.8 64.2 1.9 99.1 13.7
11/04/2012 09:22:39 21.7 44.8 775.4 44.6 2.1 104.9 13.8
11/04/2012 09:22:44 21.6 44.9 775.0 22.8 1.9 107.8 13.9
11/04/2012 09:22:49 21.4 45.2 774.5 6.2 1.7 113.9 14.0
11/04/2012 09:22:54 21.2 45.6 774.1 71.3 1.0 118.8 14.0
11/04/2012 09:22:59 21.3 45.6 773.6 89.0 0.7 123.0 13.9
11/04/2012 09:23:04 21.4 45.6 773.2 49.2 1.0 125.9 13.8
11/04/2012 09:23:09 21.3 45.5 772.9 22.0 1.4 130.1 13.7
11/04/2012 09:23:14 21.2 45.6 772.4 27.3 1.1 135.0 13.7
11/04/2012 09:23:19 21.1 45.8 772.1 60.0 0.6 139.2 13.8
11/04/2012 09:23:24 21.2 45.7 771.6 83.4 1.2 142.1 13.8
11/04/2012 09:23:29 21.2 45.6 771.2 70.9 1.1 148.2 13.9
11/04/2012 09:23:34 21.3 45.6 770.8 86.2 1.1 150.8 13.9
11/04/2012 09:23:39 21.3 45.6 770.5 85.6 1.5 155.1 14.0
11/04/2012 09:23:44 21.3 45.4 770.0 70.8 1.6 159.9 14.2
11/04/2012 09:23:49 21.2 45.4 769.6 38.4 0.9 163.8 14.0
11/04/2012 09:23:54 21.2 45.5 769.3 38.1 0.7 168.7 14.0
11/04/2012 09:23:59 21.2 45.6 768.9 70.4 0.4 171.9 14.0
11/04/2012 09:24:04 21.3 45.8 768.5 45.7 0.3 175.8 14.6
11/04/2012 09:24:09 21.3 46.3 768.2 72.5 1.5 179.4 15.3
11/04/2012 09:24:14 21.3 47.0 767.8 65.9 1.6 183.3 17.4
11/04/2012 09:24:19 21.3 47.5 767.5 79.2 2.0 186.2 19.2
11/04/2012 09:24:24 21.2 47.7 767.1 90.0 2.5 190.8 20.9
11/04/2012 09:24:29 21.1 48.4 766.6 96.4 2.8 195.7 23.5
11/04/2012 09:24:34 21.0 48.2 766.2 104.1 3.0 200.9 25.2
11/04/2012 09:24:39 20.9 47.8 765.9 96.8 3.1 202.8 27.0
11/04/2012 09:24:44 20.8 48.3 765.7 82.8 2.9 204.1 28.0
11/04/2012 09:24:49 20.6 48.8 765.4 80.1 2.4 207.4 28.9
11/04/2012 09:24:54 20.4 48.8 765.2 8.5 2.4 209.4 28.8
11/04/2012 09:24:59 20.3 47.9 764.9 90.0 2.3 213.6 28.2
11/04/2012 09:25:04 20.3 47.4 764.6 96.7 2.2 216.5 27.7
11/04/2012 09:25:09 20.3 47.0 764.5 83.8 2.1 216.9 27.7
11/04/2012 09:25:14 20.3 46.5 764.5 66.1 2.0 216.9 27.4
11/04/2012 09:25:19 20.2 46.4 764.4 49.9 2.0 216.9 27.1
11/04/2012 09:25:24 20.2 46.3 764.5 54.6 1.8 215.9 27.0
11/04/2012 09:25:29 20.2 46.4 764.5 49.5 1.6 216.2 26.9
11/04/2012 09:25:34 20.2 46.8 764.6 58.3 2.0 214.9 26.9
11/04/2012 09:25:39 20.2 47.3 764.6 59.2 2.1 214.3 26.9
11/04/2012 09:25:44 20.2 47.3 764.6 72.3 2.2 215.2 26.8
11/04/2012 09:25:49 20.2 47.1 764.6 76.9 2.5 215.6 27.0
11/04/2012 09:25:54 20.1 47.3 764.6 87.7 2.9 214.6 27.0
11/04/2012 09:25:59 20.1 47.2 764.4 93.7 3.0 219.8 27.1
11/04/2012 09:26:04 20.1 47.4 764.0 86.6 3.0 222.7 27.1
11/04/2012 09:26:09 20.1 47.5 763.5 94.6 2.4 227.6 27.4
11/04/2012 09:26:14 20.1 46.7 763.1 89.5 2.1 232.5 27.5
11/04/2012 09:26:19 20.2 46.3 762.6 85.6 1.7 237.8 27.7
11/04/2012 09:26:24 20.2 46.1 762.2 72.3 1.5 242.7 27.9
11/04/2012 09:26:29 20.1 46.2 761.7 69.0 1.3 246.6 28.2
11/04/2012 09:26:34 20.0 46.3 761.4 73.4 1.2 250.5 28.6
11/04/2012 09:26:39 19.9 46.5 761.0 74.4 0.8 254.8 28.9
11/04/2012 09:26:44 20.0 46.6 760.6 90.9 0.3 257.7 29.3
11/04/2012 09:26:49 20.1 46.5 760.2 69.7 0.4 261.7 29.6
11/04/2012 09:26:54 20.2 46.4 759.9 100.7 0.0 267.3 29.8
11/04/2012 09:26:59 20.4 46.2 759.5 106.2 0.0 271.2 30.2
11/04/2012 09:27:04 20.6 45.7 759.1 120.1 0.0 274.8 30.7
11/04/2012 09:27:09 20.8 45.3 758.7 92.3 0.0 277.8 31.2
11/04/2012 09:27:14 20.9 45.0 758.3 89.5 0.0 282.4 31.9
11/04/2012 09:27:19 21.0 44.9 757.9 81.1 0.0 287.0 32.2
11/04/2012 09:27:24 21.1 44.8 757.4 70.7 0.0 291.9 32.5
11/04/2012 09:27:29 21.1 44.8 757.0 127.8 0.0 295.2 33.1
11/04/2012 09:27:34 21.3 44.6 756.7 142.8 0.0 298.8 33.6
11/04/2012 09:27:39 21.4 44.3 756.5 183.8 0.0 301.4 34.2
11/04/2012 09:27:44 21.5 44.0 756.0 193.6 0.0 307.0 34.6
11/04/2012 09:27:49 21.5 43.6 755.7 191.7 0.0 310.6 35.2
11/04/2012 09:27:54 21.5 43.5 755.3 183.3 0.6 314.9 35.8
11/04/2012 09:27:59 21.5 43.5 754.9 177.0 1.5 318.2 36.5
11/04/2012 09:28:04 21.4 43.5 754.5 161.4 1.7 321.9 36.9
11/04/2012 09:28:09 21.3 43.6 754.2 147.1 1.4 324.2 37.6
11/04/2012 09:28:14 21.3 43.6 754.0 147.0 1.5 328.8 37.9
11/04/2012 09:28:19 21.3 43.7 753.7 159.6 1.2 330.1 38.3
11/04/2012 09:28:24 21.2 43.8 753.4 161.5 1.1 332.7 38.6
11/04/2012 09:28:29 21.1 44.0 753.2 174.2 0.9 335.1 39.0
11/04/2012 09:28:34 21.0 44.1 753.0 184.2 1.3 338.4 39.2
11/04/2012 09:28:39 20.9 44.2 752.7 188.8 1.6 340.7 39.4
11/04/2012 09:28:44 20.8 44.4 752.5 194.7 1.7 343.3 39.6
11/04/2012 09:28:49 20.7 44.6 752.2 191.8 2.1 345.6 39.7
11/04/2012 09:28:54 20.5 44.8 752.0 190.3 2.1 348.9 40.0
11/04/2012 09:28:59 20.4 45.1 751.7 198.6 2.1 351.3 40.3
11/04/2012 09:29:04 20.3 45.4 751.5 204.5 2.3 353.6 40.3
11/04/2012 09:29:09 20.1 45.5 751.3 214.7 2.5 355.9 40.3
11/04/2012 09:29:14 19.9 45.9 751.0 223.6 2.5 360.2 40.3
11/04/2012 09:29:19 19.8 46.2 750.6 219.6 2.6 362.8 40.5
11/04/2012 09:29:24 19.6 46.5 750.2 230.9 2.6 367.5 40.5
11/04/2012 09:29:29 19.4 46.8 749.9 230.9 2.5 370.8 40.4
11/04/2012 09:29:34 19.3 47.1 749.6 211.0 2.3 374.4 40.6
11/04/2012 09:29:39 19.2 47.4 749.3 200.0 2.4 377.1 40.7
11/04/2012 09:29:44 19.2 47.5 749.0 203.1 2.5 380.7 40.6
11/04/2012 09:29:49 19.2 47.5 748.7 196.5 2.6 384.1 40.5
11/04/2012 09:29:54 19.1 47.6 748.3 190.6 2.5 387.7 40.6
11/04/2012 09:29:59 19.1 47.7 748.0 194.7 2.6 391.4 40.6
11/04/2012 09:30:04 19.0 47.8 747.6 198.5 2.7 395.0 40.6
11/04/2012 09:30:09 18.9 47.8 747.4 190.7 2.7 397.7 40.5
11/04/2012 09:30:14 18.9 47.8 747.1 189.6 2.8 401.3 40.5
11/04/2012 09:30:19 18.8 47.9 746.7 192.6 2.7 406.0 40.4
11/04/2012 09:30:24 18.8 48.0 746.5 200.2 2.7 407.7 40.4
11/04/2012 09:30:29 18.7 48.1 746.1 203.8 2.8 411.3 40.3
11/04/2012 09:30:34 18.6 48.3 745.7 199.6 2.9 415.3 40.3
11/04/2012 09:30:39 18.5 48.5 745.4 203.1 2.8 419.0 40.3
11/04/2012 09:30:44 18.5 48.6 745.1 205.7 2.9 421.6 40.3
11/04/2012 09:30:49 18.4 48.9 744.8 200.8 3.0 424.3 40.4
11/04/2012 09:30:54 18.3 49.0 744.5 201.5 3.0 429.3 40.5
11/04/2012 09:30:59 18.2 49.1 744.2 209.1 3.0 432.0 40.5
11/04/2012 09:31:04 18.2 49.5 743.8 200.6 3.1 436.0 40.7
11/04/2012 09:31:09 18.1 50.0 743.5 194.9 3.2 439.7 41.0
11/04/2012 09:31:14 18.0 50.6 743.3 203.0 3.3 441.3 41.4
11/04/2012 09:31:19 17.9 50.7 743.0 197.0 3.3 445.3 41.5
11/04/2012 09:31:24 17.9 50.9 742.7 199.9 3.3 448.3 41.9
11/04/2012 09:31:29 17.8 51.5 742.4 201.4 3.4 450.3 42.2
11/04/2012 09:31:34 17.7 51.9 742.1 200.0 3.4 454.4 42.2
11/04/2012 09:31:39 17.7 51.9 741.8 205.5 3.2 457.4 42.5
11/04/2012 09:31:44 17.6 52.0 741.5 200.9 3.4 460.0 42.6
11/04/2012 09:31:49 17.5 52.3 741.2 206.1 3.4 464.4 42.7
11/04/2012 09:31:54 17.5 52.4 740.8 214.5 3.3 467.4 42.8
11/04/2012 09:31:59 17.4 52.6 740.6 207.4 3.4 470.4 42.7
11/04/2012 09:32:04 17.3 52.8 740.2 212.4 3.6 474.4 42.7
11/04/2012 09:32:09 17.2 53.0 739.9 201.2 3.6 476.5 42.8
11/04/2012 09:32:14 17.2 53.3 739.6 196.3 3.5 480.8 42.7
11/04/2012 09:32:19 17.2 53.4 739.4 210.0 3.2 482.8 42.8
11/04/2012 09:32:24 17.1 53.7 739.1 207.4 3.4 487.2 42.9
11/04/2012 09:32:29 17.1 53.7 738.9 227.1 3.7 489.2 42.6
11/04/2012 09:32:34 17.0 53.7 738.5 214.7 3.8 491.9 42.8
11/04/2012 09:32:39 16.9 53.9 738.3 218.0 3.9 494.6 42.8
11/04/2012 09:32:44 16.8 54.2 738.0 212.7 3.9 498.6 42.8
11/04/2012 09:32:49 16.8 54.5 737.6 214.1 3.8 503.0 42.8
11/04/2012 09:32:54 16.8 54.6 737.3 206.9 3.9 505.0 42.7
11/04/2012 09:32:59 16.7 54.8 737.0 213.7 3.7 509.7 42.8
11/04/2012 09:33:04 16.7 54.9 736.7 217.4 3.7 511.7 42.7
11/04/2012 09:33:09 16.6 54.9 736.4 207.8 3.9 514.1 42.7
11/04/2012 09:33:14 16.6 54.9 736.1 206.5 3.9 517.1 42.7
11/04/2012 09:33:19 16.6 55.0 735.9 212.9 4.0 519.4 42.8
11/04/2012 09:33:24 16.5 55.2 735.6 91.9 4.0 522.8 42.8
11/04/2012 09:33:29 16.5 55.3 735.3 209.4 3.9 527.2 42.8
11/04/2012 09:33:34 16.4 55.4 735.0 208.0 3.9 530.2 42.8
11/04/2012 09:33:39 16.4 55.5 734.7 204.5 3.9 533.9 42.7
11/04/2012 09:33:44 16.4 55.7 734.5 198.7 3.9 534.9 43.1
11/04/2012 09:33:49 16.4 55.9 734.2 200.0 3.8 537.6 42.9
11/04/2012 09:33:54 16.4 55.9 734.0 195.1 3.9 540.7 43.1
11/04/2012 09:33:59 16.3 55.9 733.9 199.1 3.9 542.0 42.8
11/04/2012 09:34:04 16.3 56.0 733.6 205.7 3.8 544.4 42.9
11/04/2012 09:34:09 16.2 56.1 733.4 221.2 4.0 546.7 42.7
11/04/2012 09:34:14 16.2 56.3 733.1 214.7 4.1 550.1 42.9
11/04/2012 09:34:19 16.1 56.4 732.8 209.2 4.1 553.2 42.9
11/04/2012 09:34:24 16.0 56.7 732.8 205.3 4.0 547.4 42.8
11/04/2012 09:34:29 16.0 56.7 732.4 206.7 4.0 557.9 42.8
11/04/2012 09:34:34 15.9 56.5 732.2 208.7 4.0 560.6 42.8
11/04/2012 09:34:39 15.9 56.9 732.0 210.7 4.1 563.0 42.7
11/04/2012 09:34:44 15.8 57.2 731.7 215.1 4.2 564.0 42.8
11/04/2012 09:34:49 15.8 57.5 731.5 222.4 4.2 568.7 42.7
11/04/2012 09:34:54 15.7 57.7 731.1 232.4 4.3 572.4 42.6
11/04/2012 09:34:59 15.6 57.9 730.8 224.0 4.3 574.8 42.7
11/04/2012 09:35:04 15.5 58.2 730.5 220.6 4.2 579.2 42.6
11/04/2012 09:35:09 15.5 58.4 730.2 230.2 4.2 582.6 42.8
11/04/2012 09:35:14 15.4 58.6 730.0 220.5 4.4 583.3 42.7
11/04/2012 09:35:19 15.4 58.8 729.9 212.6 4.7 583.6 42.5
11/04/2012 09:35:24 15.3 58.9 730.0 209.6 4.7 583.9 42.4
11/04/2012 09:35:29 15.3 59.1 730.0 209.2 4.6 583.6 42.4
11/04/2012 09:35:34 15.3 59.2 730.0 200.0 4.6 581.6 42.4
11/04/2012 09:35:39 15.3 59.3 730.1 198.0 4.4 582.2 42.5
11/04/2012 09:35:44 15.3 59.3 730.2 199.7 4.4 580.9 42.5
11/04/2012 09:35:49 15.2 59.4 730.3 202.9 4.4 579.5 42.2
11/04/2012 09:35:54 15.2 59.4 730.4 204.7 4.5 578.9 42.2
11/04/2012 09:35:59 15.2 59.5 730.4 205.8 4.6 578.9 42.2
11/04/2012 09:36:04 15.2 59.5 730.4 208.0 4.6 580.2 42.2
11/04/2012 09:36:09 15.2 59.6 730.4 213.9 4.7 580.5 42.4
11/04/2012 09:36:14 15.1 59.7 730.4 222.6 5.0 578.5 42.5
11/04/2012 09:36:19 15.0 59.8 730.3 232.1 4.8 581.2 42.5
11/04/2012 09:36:24 15.0 59.9 730.0 232.6 4.6 584.3 42.4
11/04/2012 09:36:29 15.0 60.1 729.7 238.6 4.5 587.7 42.4
11/04/2012 09:36:34 15.0 60.3 729.3 233.8 4.5 592.4 42.4
11/04/2012 09:36:39 15.0 60.4 729.0 231.5 4.4 594.8 42.2
11/04/2012 09:36:44 15.0 60.5 728.7 236.0 4.6 597.2 42.4
11/04/2012 09:36:49 15.0 60.5 728.5 229.1 4.5 600.9 42.4
11/04/2012 09:36:54 14.9 60.6 728.1 228.1 4.3 605.3 42.2
11/04/2012 09:36:59 14.9 60.8 727.9 234.6 4.3 609.0 42.2
11/04/2012 09:37:04 14.9 60.8 727.6 227.1 4.5 610.4 42.2
11/04/2012 09:37:09 14.9 60.9 727.3 235.2 4.3 614.1 42.4
11/04/2012 09:37:14 14.9 60.9 727.0 223.6 4.5 616.2 42.2
11/04/2012 09:37:19 14.9 61.0 726.7 219.1 4.5 619.6 42.1
11/04/2012 09:37:24 14.8 61.0 726.5 229.4 4.5 621.3 42.1
11/04/2012 09:37:29 14.8 61.1 726.2 225.0 4.6 625.7 42.0
11/04/2012 09:37:34 14.8 61.2 726.0 226.1 4.6 628.1 42.1
11/04/2012 09:37:44 14.8 61.3 725.4 219.0 4.5 632.8 42.0
11/04/2012 09:37:49 14.8 61.4 725.2 220.2 4.6 635.6 41.9
11/04/2012 09:37:54 14.8 61.5 725.0 224.7 4.4 640.0 41.9
11/04/2012 09:37:59 14.8 61.6 724.7 226.4 4.5 641.7 41.9
11/04/2012 09:38:04 14.7 61.8 724.5 225.0 4.7 643.7 41.8
11/04/2012 09:38:09 14.7 61.9 724.3 233.1 4.6 645.1 41.9
11/04/2012 09:38:14 14.7 62.0 724.0 227.1 4.7 649.9 41.8
11/04/2012 09:38:19 14.6 62.2 723.8 224.7 4.5 651.9 41.7
11/04/2012 09:38:24 14.6 62.4 723.5 231.4 4.6 654.7 41.5
11/04/2012 09:38:29 14.5 62.4 723.3 227.8 4.7 658.1 41.8
11/04/2012 09:38:34 14.5 62.4 723.0 234.3 4.5 660.5 41.8
11/04/2012 09:38:39 14.5 62.3 722.8 225.0 4.6 662.9 41.9
11/04/2012 09:38:44 14.5 62.3 722.6 221.3 4.8 664.2 42.0
11/04/2012 09:38:49 14.5 62.1 722.4 232.4 4.6 667.3 42.4
11/04/2012 09:38:54 14.4 61.8 722.2 226.7 4.8 669.7 42.7
11/04/2012 09:38:59 14.4 61.6 722.0 220.3 4.7 672.1 43.4
11/04/2012 09:39:04 14.4 61.1 721.7 230.1 4.6 673.4 43.9
11/04/2012 09:39:09 14.4 60.2 721.4 227.4 4.6 676.9 44.5
11/04/2012 09:39:14 14.4 59.9 721.2 220.9 4.6 678.2 45.0
11/04/2012 09:39:19 14.4 59.7 721.0 228.4 4.7 681.7 45.5
11/04/2012 09:39:24 14.4 59.6 720.8 226.1 4.9 684.1 46.1
11/04/2012 09:39:29 14.4 59.5 720.6 216.4 4.7 686.4 46.3
11/04/2012 09:39:34 14.5 59.5 720.4 212.1 4.7 687.8 46.6
11/04/2012 09:39:39 14.5 59.4 720.2 215.2 4.8 690.9 46.9
11/04/2012 09:39:44 14.5 59.2 720.1 216.3 4.8 691.2 47.2
11/04/2012 09:39:49 14.5 59.2 719.9 220.4 4.8 694.3 47.3
11/04/2012 09:39:54 14.5 59.1 719.7 237.7 4.9 696.7 47.4
11/04/2012 09:39:59 14.5 59.1 719.5 232.8 5.1 697.8 47.5
11/04/2012 09:40:04 14.4 59.2 719.2 229.1 5.2 703.2 47.9
11/04/2012 09:40:09 14.4 59.2 719.0 242.0 5.2 704.3 47.9
11/04/2012 09:40:14 14.4 59.3 718.8 230.9 5.1 706.3 48.0
11/04/2012 09:40:19 14.3 59.4 718.6 233.6 5.1 707.7 48.1
11/04/2012 09:40:24 14.3 59.3 718.4 238.6 5.0 709.8 48.3
11/04/2012 09:40:29 14.3 59.1 718.2 235.7 4.9 713.2 48.4
11/04/2012 09:40:34 14.3 59.1 717.9 236.5 4.7 716.3 48.8
11/04/2012 09:40:39 14.3 59.0 717.6 242.5 4.8 718.7 48.9
11/04/2012 09:40:44 14.2 58.9 717.5 238.6 4.6 720.7 49.0
11/04/2012 09:40:49 14.3 58.8 717.2 246.1 4.5 724.2 49.1
11/04/2012 09:40:54 14.2 58.7 717.0 238.3 4.4 727.3 49.3
11/04/2012 09:40:59 14.2 58.6 716.7 231.9 4.4 729.7 49.3
11/04/2012 09:41:04 14.3 58.5 716.5 223.2 4.5 731.7 49.4
11/04/2012 09:41:09 14.3 58.4 716.2 224.6 4.3 735.2 49.4
11/04/2012 09:41:14 14.4 58.2 716.0 230.9 4.4 736.9 49.6
11/04/2012 09:41:19 14.4 58.0 715.8 236.4 4.3 739.7 49.5
11/04/2012 09:41:24 14.4 57.9 715.5 242.0 4.2 743.4 49.6
11/04/2012 09:41:29 14.4 57.8 715.1 252.2 4.3 746.9 49.7
11/04/2012 09:41:34 14.4 57.7 714.9 256.5 4.3 749.0 49.7
11/04/2012 09:41:39 14.3 57.6 714.6 248.6 4.2 752.1 50.1
11/04/2012 09:41:44 14.3 57.4 714.3 237.4 4.1 756.5 50.1
11/04/2012 09:41:49 14.4 57.1 714.0 229.9 4.0 759.7 50.3
11/04/2012 09:41:54 14.5 56.5 713.7 224.6 3.8 762.8 50.3
11/04/2012 09:41:59 14.6 55.6 713.4 226.7 3.7 765.5 50.3
11/04/2012 09:42:04 14.6 54.7 713.1 225.7 3.6 769.0 50.5
11/04/2012 09:42:09 14.7 53.9 712.8 226.4 3.5 772.8 50.5
11/04/2012 09:42:14 14.8 53.0 712.6 229.5 3.5 775.5 50.5
11/04/2012 09:42:19 14.9 52.3 712.2 229.9 3.2 779.7 50.4
11/04/2012 09:42:24 15.0 51.8 711.9 232.6 3.7 782.4 50.5
11/04/2012 09:42:29 15.0 51.3 711.6 235.3 3.6 786.6 50.5
11/04/2012 09:42:34 15.0 50.8 711.2 236.9 4.0 791.4 50.7
11/04/2012 09:42:39 15.0 50.4 710.9 246.5 3.6 793.9 50.8
11/04/2012 09:42:44 15.0 50.2 710.6 258.5 3.5 797.3 50.8
11/04/2012 09:42:49 15.0 50.1 710.3 263.8 3.8 799.7 50.5
11/04/2012 09:42:54 15.0 50.0 710.0 268.7 3.4 803.6 50.9
11/04/2012 09:42:59 15.0 50.0 709.8 270.4 4.2 806.0 50.9
11/04/2012 09:43:04 15.0 49.8 709.4 266.1 4.0 809.4 50.9
11/04/2012 09:43:09 15.1 49.7 709.3 259.3 4.0 812.2 51.0
11/04/2012 09:43:14 15.1 49.5 708.9 248.5 5.5 815.7 51.0
11/04/2012 09:43:19 15.2 49.2 708.6 234.1 5.1 819.2 50.9
11/04/2012 09:43:24 15.3 49.0 708.2 224.7 5.8 822.6 51.0
11/04/2012 09:43:29 15.4 48.7 708.0 216.2 6.7 825.4 50.4
11/04/2012 09:43:34 15.5 48.4 707.7 214.7 12.5 828.9 50.7
11/04/2012 09:43:39 15.6 48.2 707.4 225.4 12.6 832.7 50.5
11/04/2012 09:43:44 15.7 48.0 707.2 223.7 12.8 835.1 50.8
11/04/2012 09:43:49 15.8 47.8 706.9 227.1 12.6 838.3 50.8
11/04/2012 09:43:54 15.8 47.5 706.6 234.5 12.6 841.7 50.8
11/04/2012 09:43:59 15.8 47.3 706.3 229.1 13.4 844.9 50.8
11/04/2012 09:44:04 15.9 47.1 706.0 233.1 12.3 848.4 50.9
11/04/2012 09:44:09 15.9 47.1 705.7 234.0 9.1 851.5 50.8
11/04/2012 09:44:14 15.9 47.1 705.5 234.6 0.0 853.6 50.5
11/04/2012 09:44:19 16.0 47.1 705.2 239.4 0.0 856.0 50.4
11/04/2012 09:44:24 16.0 47.1 704.9 242.1 0.0 859.9 50.4
11/04/2012 09:44:29 16.0 47.1 704.7 238.2 0.0 863.0 50.4
11/04/2012 09:44:34 16.0 47.0 704.4 240.1 0.0 866.1 50.8
11/04/2012 09:44:39 16.0 46.9 704.2 233.4 0.6 868.2 50.5
11/04/2012 09:44:44 16.1 46.9 703.9 230.8 0.0 872.1 50.5
11/04/2012 09:44:49 16.1 46.8 703.6 241.0 0.6 875.2 50.4
11/04/2012 09:44:54 16.1 46.6 703.3 243.2 0.7 877.3 50.4
11/04/2012 09:44:59 16.1 46.4 703.1 244.4 0.0 879.7 50.3
11/04/2012 09:45:04 16.1 46.1 702.8 238.5 0.0 884.3 50.3
11/04/2012 09:45:09 16.2 46.1 702.6 245.3 0.0 886.7 50.2
11/04/2012 09:45:14 16.2 46.2 702.3 245.5 0.0 888.1 50.1
11/04/2012 09:45:19 16.2 46.4 702.1 244.0 0.0 892.3 50.1
11/04/2012 09:45:24 16.2 46.4 701.9 249.8 0.0 894.1 50.2
11/04/2012 09:45:29 16.3 46.2 702.0 251.2 0.0 893.0 50.2
11/04/2012 09:45:34 16.3 46.0 701.9 252.6 0.0 893.4 50.4
11/04/2012 09:45:39 16.3 45.9 701.8 255.0 0.0 894.1 50.4
11/04/2012 09:45:44 16.3 45.8 701.7 256.8 0.1 894.8 50.4
11/04/2012 09:45:49 16.4 45.6 701.6 261.9 0.0 896.5 50.4
11/04/2012 09:45:54 16.4 45.5 701.4 267.7 0.0 898.3 50.4
11/04/2012 09:45:59 16.4 45.1 701.3 256.9 0.0 900.0 50.2
11/04/2012 09:46:04 16.5 44.6 701.1 264.6 0.0 901.8 50.1
11/04/2012 09:46:09 16.5 44.4 700.9 273.0 0.0 904.6 50.0
11/04/2012 09:46:14 16.5 44.3 700.8 288.8 0.0 906.3 50.0
11/04/2012 09:46:19 16.5 44.3 700.5 308.9 0.0 909.1 49.7
11/04/2012 09:46:24 16.5 44.1 700.3 319.3 0.0 911.2 49.7
11/04/2012 09:46:29 16.6 44.3 700.1 329.5 0.0 913.0 49.3
11/04/2012 09:46:34 16.6 44.5 699.9 309.9 0.0 915.4 49.3
11/04/2012 09:46:39 16.6 44.4 699.7 331.2 0.0 918.6 49.4
11/04/2012 09:46:44 16.6 44.3 699.6 332.7 0.0 919.6 49.4
11/04/2012 09:46:49 16.7 44.1 699.3 340.8 0.0 921.0 49.4
11/04/2012 09:46:54 16.7 43.8 699.2 336.1 0.0 924.9 49.7
11/04/2012 09:46:59 16.7 43.7 699.0 352.1 0.0 926.3 49.8
11/04/2012 09:47:04 16.7 43.7 698.9 330.0 0.0 927.0 49.7
11/04/2012 09:47:09 16.8 43.8 698.7 8.0 0.0 929.8 49.5
11/04/2012 09:47:14 16.8 43.9 698.5 337.9 0.0 931.6 49.5
11/04/2012 09:47:19 16.8 44.0 698.3 317.0 0.0 933.3 49.5
11/04/2012 09:47:24 16.9 43.9 698.2 24.1 0.0 934.4 49.5
11/04/2012 09:47:29 17.0 43.5 697.9 29.9 0.0 937.5 49.4
11/04/2012 09:47:34 17.2 42.8 697.8 49.6 0.0 938.6 49.5
11/04/2012 09:47:39 17.4 42.1 697.8 39.2 0.0 939.6 49.5
11/04/2012 09:47:44 17.6 41.4 697.8 49.2 0.0 939.0 49.6
11/04/2012 09:47:49 17.8 40.9 697.7 58.5 0.0 940.0 49.8
11/04/2012 09:47:54 17.9 40.7 697.6 63.1 0.0 941.4 50.1
11/04/2012 09:47:59 17.9 40.5 697.6 61.7 0.0 939.3 50.0
11/04/2012 09:48:04 18.0 39.9 697.6 76.7 0.0 940.4 49.8
11/04/2012 09:48:09 18.0 39.4 697.7 67.9 0.0 940.4 49.7
11/04/2012 09:48:14 18.0 39.4 697.7 49.6 0.0 939.3 49.7
11/04/2012 09:48:19 18.1 39.4 697.7 57.2 0.0 940.4 49.6
11/04/2012 09:48:24 18.2 39.0 697.5 45.7 0.0 941.4 49.6
11/04/2012 09:48:29 18.3 38.6 697.7 35.8 0.0 940.4 49.5
11/04/2012 09:48:34 18.4 38.5 697.6 34.4 0.0 940.4 49.6
11/04/2012 09:48:39 18.4 38.2 697.6 22.2 0.0 940.4 49.6
11/04/2012 09:48:44 18.3 38.1 697.6 357.0 0.0 940.4 49.7
11/04/2012 09:48:49 18.2 37.9 697.6 359.0 0.0 939.6 49.5
11/04/2012 09:48:54 18.1 38.3 697.6 25.8 0.0 940.7 49.5
11/04/2012 09:48:59 18.2 38.5 697.6 39.3 0.0 940.0 49.5
11/04/2012 09:49:04 18.3 38.1 697.6 58.3 0.0 941.4 49.7
11/04/2012 09:49:09 18.5 37.6 697.6 60.2 0.0 940.4 49.7
11/04/2012 09:49:14 18.6 37.0 697.6 50.3 0.0 940.7 49.6
11/04/2012 09:49:19 18.7 36.6 697.6 39.7 0.0 941.1 49.6
11/04/2012 09:49:24 18.7 36.4 697.6 26.0 0.0 940.4 49.6
11/04/2012 09:49:29 18.7 36.4 697.6 15.3 0.0 940.7 49.5
11/04/2012 09:49:34 18.6 36.0 697.6 10.0 0.0 940.0 49.5
11/04/2012 09:49:39 18.5 36.3 697.6 1.9 0.0 941.4 49.5
11/04/2012 09:49:44 18.4 36.7 697.6 23.4 0.0 940.7 49.4
11/04/2012 09:49:49 18.4 36.8 697.6 24.7 0.0 941.1 49.4
11/04/2012 09:49:54 18.5 37.3 697.5 32.6 0.0 940.7 49.3
11/04/2012 09:49:59 18.6 37.0 697.6 38.3 0.0 939.6 49.3
11/04/2012 09:50:04 18.6 36.5 697.5 12.6 0.0 942.1 49.3
11/04/2012 09:50:09 18.6 36.3 697.6 42.2 0.0 940.4 49.3
11/04/2012 09:50:14 18.7 35.9 697.5 22.4 0.0 942.1 49.3
11/04/2012 09:50:19 18.7 35.9 697.6 27.6 0.0 941.4 49.4
11/04/2012 09:50:24 18.7 36.1 697.5 46.0 0.0 942.1 49.0
11/04/2012 09:50:29 18.8 35.3 697.6 37.3 0.0 941.1 48.9
11/04/2012 09:50:34 18.9 34.5 697.6 38.0 0.0 941.8 48.8
11/04/2012 09:50:39 19.0 34.0 697.5 34.8 0.0 941.1 48.7
11/04/2012 09:50:44 19.1 33.7 697.5 29.6 0.0 941.4 48.6
11/04/2012 09:50:49 19.1 33.7 697.5 29.8 0.0 941.8 48.7
11/04/2012 09:50:54 19.1 33.5 697.5 27.6 0.0 941.4 48.7
11/04/2012 09:50:59 19.2 33.7 697.6 43.9 0.0 941.4 48.8
11/04/2012 09:51:04 19.3 34.0 697.5 47.8 0.0 942.1 48.8
11/04/2012 09:51:09 19.4 33.7 697.4 34.5 0.0 942.1 48.9
11/04/2012 09:51:14 19.5 34.0 697.5 42.8 0.0 943.5 49.0
11/04/2012 09:51:19 19.5 33.0 697.5 63.1 0.0 941.8 48.9
11/04/2012 09:51:24 19.6 32.1 697.6 53.9 0.0 940.7 48.8
11/04/2012 09:51:29 19.7 32.0 697.5 52.8 0.0 942.1 48.8
11/04/2012 09:51:34 19.7 32.4 697.4 28.3 0.0 942.1 48.8
11/04/2012 09:51:39 19.7 32.6 697.5 14.8 0.0 942.1 48.8
11/04/2012 09:51:44 19.6 32.4 697.5 6.4 0.0 942.1 48.8
11/04/2012 09:51:49 19.5 32.6 697.5 13.2 0.0 941.1 48.6
11/04/2012 09:51:54 19.4 33.1 697.5 31.4 0.0 942.1 48.6
11/04/2012 09:51:59 19.5 33.2 697.5 45.3 0.0 942.1 58.2
11/04/2012 09:52:04 19.6 32.9 697.5 47.8 0.0 942.1 48.7
11/04/2012 09:52:09 19.7 32.3 697.5 44.6 0.0 941.4 48.8
11/04/2012 09:52:14 19.8 32.2 697.4 40.4 0.0 942.5 48.8
11/04/2012 09:52:19 19.9 32.1 697.5 37.6 0.0 942.5 49.0
11/04/2012 09:52:24 19.9 32.0 697.4 30.3 0.0 942.8 49.0
11/04/2012 09:52:29 19.9 32.2 697.5 31.2 0.0 942.8 49.1
11/04/2012 09:52:34 19.8 32.5 697.5 24.5 0.0 941.8 49.1
11/04/2012 09:52:39 19.8 32.6 697.5 31.0 0.0 942.8 49.4
11/04/2012 09:52:44 19.8 32.5 697.5 35.8 0.0 941.8 49.3
11/04/2012 09:52:49 19.9 32.6 697.5 30.1 0.0 941.8 49.4
11/04/2012 09:52:54 19.9 32.5 697.5 31.2 0.0 942.1 49.4
11/04/2012 09:52:59 19.9 32.0 697.5 8.5 0.0 942.1 49.1
11/04/2012 09:53:04 19.9 31.7 697.5 13.7 0.0 941.4 49.1
11/04/2012 09:53:09 19.8 31.6 697.5 24.7 0.0 941.4 49.0
11/04/2012 09:53:14 19.8 31.9 697.5 21.3 0.0 943.5 49.0
11/04/2012 09:53:19 19.8 31.7 697.5 28.9 0.0 941.4 48.9
11/04/2012 09:53:24 19.8 31.6 697.5 28.3 0.0 941.4 48.8
11/04/2012 09:53:29 19.8 31.5 697.6 30.1 0.0 940.7 48.9
11/04/2012 09:53:34 19.9 31.3 697.5 25.1 0.0 941.8 49.0
11/04/2012 09:53:39 19.9 31.1 697.5 36.1 0.0 940.7 49.0
11/04/2012 09:53:44 19.9 30.9 697.5 23.5 0.0 940.7 49.0
11/04/2012 09:53:49 19.9 31.1 697.5 21.8 0.0 942.1 48.9
11/04/2012 09:53:54 19.8 31.4 697.5 33.4 0.0 941.1 49.0
11/04/2012 09:53:59 19.8 31.6 697.5 18.4 0.0 942.5 49.3
11/04/2012 09:54:04 19.9 31.6 697.5 27.4 0.0 942.5 49.1
11/04/2012 09:54:09 19.8 31.6 697.5 36.5 0.0 941.8 49.1
11/04/2012 09:54:14 19.9 31.6 697.5 30.5 0.0 941.8 49.3
11/04/2012 09:54:19 19.8 31.8 697.5 29.4 0.0 941.8 49.3
11/04/2012 09:54:24 19.8 31.8 697.5 30.1 0.0 941.1 49.3
11/04/2012 09:54:29 19.8 31.7 697.5 28.3 0.0 942.1 49.3
11/04/2012 09:54:34 19.9 31.7 697.5 31.4 0.0 942.5 49.3
11/04/2012 09:54:39 19.9 31.6 697.5 37.1 0.0 941.4 49.4
11/04/2012 09:54:44 19.9 31.4 697.5 24.4 0.0 941.8 49.4
11/04/2012 09:54:49 19.9 31.2 697.5 33.3 0.0 940.7 49.3
11/04/2012 09:54:54 19.9 31.1 697.7 26.7 0.0 934.4 49.4
11/04/2012 09:54:59 19.8 31.5 697.5 22.6 0.0 942.1 49.5
11/04/2012 09:55:04 19.8 32.0 697.5 17.6 0.0 942.1 49.6
11/04/2012 09:55:09 19.7 32.1 697.5 19.7 0.0 941.4 49.5
11/04/2012 09:55:14 19.6 31.9 697.5 20.8 0.0 941.8 49.5
11/04/2012 09:55:19 19.6 31.9 697.5 29.9 0.0 942.8 49.6
11/04/2012 09:55:24 19.6 32.0 697.5 27.6 0.0 942.5 49.7
11/04/2012 09:55:29 19.6 32.0 697.5 31.7 0.0 942.5 49.5
11/04/2012 09:55:34 19.6 32.0 697.5 35.6 0.0 941.8 49.6
11/04/2012 09:55:39 19.6 31.9 697.5 30.1 0.0 941.8 49.5
11/04/2012 09:55:44 19.6 31.9 697.4 36.1 0.0 942.5 49.5
11/04/2012 09:55:49 19.6 31.9 697.5 31.4 0.0 941.4 49.6
11/04/2012 09:55:54 19.6 31.8 697.4 41.7 0.0 942.8 49.7
11/04/2012 09:55:59 19.6 31.9 697.4 28.9 0.0 943.2 49.6
