fecha hora Temperatura Humedad Presión Dirección Velocidad Altura

25/10/12 18:34:21 022.7 29.8 0773.7 241.1 00.0 2213.8 00088 0 2.86 
25/10/12 18:34:21 022.7 29.8 0773.8 241.1 00.0 2213.4 00088 0 2.86 
25/10/12 18:34:21 022.7 29.8 0773.8 241.1 00.0 2213.4 00096 0 2.86 
25/10/12 18:34:21 022.8 29.8 0773.9 241.0 00.0 2212.5 00096 0 2.86 
25/10/12 18:34:21 022.8 29.8 0773.8 241.1 00.0 2213.4 00096 0 2.86 
25/10/12 18:34:21 022.8 29.8 0773.8 241.1 00.0 2213.4 00104 0 2.86 
25/10/12 18:34:21 022.7 29.8 0773.8 241.1 00.0 2213.1 00104 0 2.86 
25/10/12 18:34:21 022.8 29.8 0773.8 241.1 00.0 2213.1 00112 0 2.86 
25/10/12 18:34:21 022.8 29.8 0773.8 241.1 00.0 2213.1 00112 0 2.86 
25/10/12 18:34:21 022.7 29.8 0773.8 241.1 00.0 2213.1 00112 0 2.86 
25/10/12 18:34:22 022.7 29.8 0773.8 241.1 00.0 2213.1 00120 0 2.86 
25/10/12 18:34:23 022.8 29.8 0773.8 241.1 00.0 2213.1 00120 0 2.86 
25/10/12 18:34:24 022.7 29.8 0773.8 241.1 00.0 2213.1 00120 0 2.86 
25/10/12 18:34:25 022.7 29.8 0773.8 241.1 00.0 2213.1 00120 0 2.86 
25/10/12 18:34:27 022.7 29.8 0773.8 241.1 00.0 2213.1 00128 0 2.86 
25/10/12 18:34:28 022.7 29.8 0773.8 241.0 00.0 2213.1 00128 0 2.86 
25/10/12 18:34:29 022.7 29.8 0773.8 241.0 00.0 2213.1 00128 0 2.86 
25/10/12 18:34:31 022.8 29.8 0773.7 241.1 00.0 2214.1 00128 0 2.86 
25/10/12 18:34:33 022.8 29.8 0773.8 241.1 00.0 2213.1 00136 0 2.86 
25/10/12 18:34:34 022.8 29.8 0773.8 241.1 00.0 2212.8 00136 0 2.86 
25/10/12 18:34:35 022.8 29.8 0773.8 241.0 00.0 2213.1 00136 0 2.86 
25/10/12 18:34:37 022.7 29.8 0773.8 241.0 00.0 2212.8 00136 0 2.86 
25/10/12 18:34:38 022.8 29.8 0773.8 241.1 00.0 2212.8 00144 0 2.86 
25/10/12 18:34:39 022.7 29.8 0773.7 241.0 00.0 2213.8 00144 0 2.86 
25/10/12 18:34:40 022.8 29.8 0773.7 241.0 00.0 2213.8 00144 0 2.86 
25/10/12 18:34:41 022.8 29.8 0773.8 241.0 00.0 2212.8 00144 0 2.86 
25/10/12 18:34:42 022.8 29.8 0773.7 241.0 00.0 2213.8 00152 0 2.86 
25/10/12 18:34:43 022.8 29.8 0773.7 241.1 00.0 2213.8 00152 0 2.86 
25/10/12 18:34:44 022.8 29.8 0773.8 241.1 00.0 2212.8 00152 0 2.86 
25/10/12 18:34:45 022.7 29.8 0773.8 241.1 00.0 2212.8 00152 0 2.86 
25/10/12 18:34:46 022.8 29.8 0773.8 241.0 00.0 2212.8 00152 0 2.86 
25/10/12 18:34:47 022.8 29.8 0773.8 241.0 00.0 2212.8 00160 0 2.83 
25/10/12 18:34:48 022.8 29.8 0773.7 241.0 00.0 2214.4 00160 0 2.86 
25/10/12 18:34:49 022.8 29.8 0773.7 241.0 00.0 2214.4 00160 0 2.86 
25/10/12 18:34:50 022.8 29.8 0773.8 241.0 00.0 2212.8 00160 0 2.83 
25/10/12 18:34:51 022.8 29.8 0773.8 241.1 00.0 2213.4 00160 0 2.86 
25/10/12 18:34:52 022.8 29.8 0773.8 241.0 00.0 2212.8 00168 0 2.86 
25/10/12 18:34:55 022.8 29.8 0773.7 241.1 00.0 2213.8 00168 0 2.83 
25/10/12 18:34:55 022.8 29.8 0773.9 241.0 00.0 2212.5 00168 0 2.83 
25/10/12 18:34:57 022.8 29.8 0773.9 241.0 00.0 2212.5 00168 0 2.86 
25/10/12 18:34:58 022.8 29.8 0773.9 241.1 00.0 2212.5 00176 0 2.86 
25/10/12 18:35:00 022.8 29.8 0773.9 241.1 00.0 2212.5 00176 0 2.83 
25/10/12 18:35:01 022.8 29.8 0773.9 241.0 00.0 2212.5 00176 0 2.83 
25/10/12 18:35:02 022.8 29.8 0773.8 241.1 00.0 2213.4 00184 0 2.86 
25/10/12 18:35:03 022.8 29.8 0773.8 241.1 00.0 2213.4 00184 0 2.83 
25/10/12 18:35:04 022.8 29.8 0773.9 241.1 00.0 2212.5 00184 0 2.83 
25/10/12 18:35:05 022.8 29.8 0773.8 241.0 00.0 2213.4 00184 0 2.86 
25/10/12 18:35:06 022.8 29.8 0773.8 241.1 00.0 2213.4 00184 0 2.83 
25/10/12 18:35:07 022.8 29.8 0773.7 241.0 00.0 2214.1 00192 0 2.86 
25/10/12 18:35:08 022.8 29.8 0773.8 241.1 00.0 2213.4 00192 0 2.83 
25/10/12 18:35:09 022.8 29.8 0773.7 241.1 00.0 2214.1 00192 0 2.83 
25/10/12 18:35:10 022.8 29.8 0773.8 241.1 00.0 2213.1 00192 0 2.83 
25/10/12 18:35:11 022.8 29.8 0773.8 241.0 00.0 2213.4 00192 0 2.83 
25/10/12 18:35:12 022.8 29.8 0773.8 241.0 00.0 2213.4 00200 0 2.83 
25/10/12 18:35:13 022.8 29.8 0773.8 241.1 00.0 2213.4 00200 0 2.83 
25/10/12 18:35:14 022.8 29.8 0773.8 241.0 00.0 2213.4 00200 0 2.83 
25/10/12 18:35:15 022.8 29.8 0773.9 241.1 00.0 2212.5 00200 0 2.83 
25/10/12 18:35:16 022.8 29.8 0773.8 241.0 00.0 2213.4 00200 0 2.83 
25/10/12 18:35:17 022.8 29.8 0773.8 241.0 00.0 2213.1 00208 0 2.83 
25/10/12 18:35:18 022.8 29.8 0773.8 241.0 00.0 2213.1 00208 0 2.83 
25/10/12 18:35:19 022.8 29.8 0773.7 241.0 00.0 2214.1 00208 0 2.83 
25/10/12 18:35:20 022.8 29.8 0773.8 241.2 00.0 2213.1 00208 0 2.83 
25/10/12 18:35:21 022.8 29.8 0773.7 241.1 00.0 2213.8 00208 0 2.83 
25/10/12 18:35:22 022.8 29.8 0773.8 241.1 00.0 2213.1 00216 0 2.83 
25/10/12 18:35:23 022.8 29.8 0773.8 241.1 00.0 2213.1 00216 0 2.83 
25/10/12 18:35:24 022.8 29.8 0773.8 241.0 00.0 2213.1 00216 0 2.83 
25/10/12 18:35:25 022.8 29.8 0773.7 241.1 00.0 2214.1 00216 0 2.83 
25/10/12 18:35:26 022.8 29.8 0773.8 241.0 00.0 2213.1 00216 0 2.83 
25/10/12 18:35:27 022.8 29.8 0773.8 241.0 00.0 2213.1 00224 0 2.83 
25/10/12 18:35:28 022.8 29.8 0773.8 241.0 00.0 2213.1 00224 0 2.83 
25/10/12 18:35:29 022.8 29.8 0773.8 241.0 00.0 2213.1 00224 0 2.83 
25/10/12 18:35:30 022.8 29.8 0773.7 241.0 00.0 2213.8 00224 0 2.83 
25/10/12 18:35:31 022.8 29.8 0773.7 241.0 00.0 2213.8 00224 0 2.83 
25/10/12 18:35:32 022.8 29.8 0773.7 241.1 00.0 2213.8 00232 0 2.83 
25/10/12 18:35:33 022.8 29.8 0773.8 241.0 00.0 2213.1 00232 0 2.83 
25/10/12 18:35:34 022.8 29.8 0773.8 241.2 00.0 2213.1 00232 0 2.83 
25/10/12 18:35:35 022.8 29.8 0773.8 241.0 00.0 2213.1 00232 0 2.83 
25/10/12 18:35:36 022.8 29.8 0773.7 241.1 00.0 2213.8 00232 0 2.83 
25/10/12 18:35:37 022.8 29.8 0773.8 241.1 00.0 2212.8 00240 0 2.83 
25/10/12 18:35:38 022.8 29.8 0773.7 241.0 00.0 2213.8 00240 0 2.83 
25/10/12 18:35:39 022.8 29.8 0773.7 241.0 00.0 2213.8 00240 0 2.83 
25/10/12 18:35:40 022.8 29.8 0773.8 241.2 00.0 2212.8 00240 0 2.83 
25/10/12 18:35:41 022.8 29.8 0773.8 241.1 00.0 2212.8 00240 0 2.83 
25/10/12 18:35:42 022.8 29.8 0773.7 241.1 00.0 2213.8 00248 0 2.83 
25/10/12 18:35:43 022.8 29.8 0773.9 241.1 00.0 2212.2 00248 0 2.83 
25/10/12 18:35:44 022.8 29.8 0773.8 241.1 00.0 2213.4 00248 0 2.83 
25/10/12 18:35:45 022.8 29.8 0773.8 241.1 00.0 2212.8 00248 0 2.83 
25/10/12 18:35:46 022.8 29.8 0773.7 241.1 00.0 2213.8 00248 0 2.83 
25/10/12 18:35:47 022.8 29.8 0773.7 241.1 00.0 2213.8 00256 0 2.83 
25/10/12 18:35:48 022.8 29.8 0773.8 241.1 00.0 2212.8 00256 0 2.83 
