fecha hora Temperatura Humedad Presión Dirección Velocidad Altura

26/10/12 09:53:15 019.7 37.3 0778.2 194.4 00.0 2167.7 00112 0 2.94 
26/10/12 09:53:18 019.7 37.3 0778.2 194.6 00.0 2167.7 00112 0 2.94 
26/10/12 09:53:19 019.7 37.3 0778.1 194.4 00.0 2168.6 00112 0 2.94 
26/10/12 09:53:22 019.7 37.3 0778.2 194.7 00.0 2167.7 00120 0 2.94 
26/10/12 09:53:24 019.7 37.3 0778.1 194.6 00.0 2168.6 00120 0 2.94 
26/10/12 09:53:27 019.7 37.3 0778.1 194.6 00.0 2168.6 00128 0 2.94 
26/10/12 09:53:28 019.7 37.3 0778.2 194.7 00.0 2167.7 00128 0 2.94 
26/10/12 09:53:30 019.7 37.3 0778.1 194.7 00.0 2168.3 00128 0 2.94 
