fecha hora Temperatura Humedad Presión Dirección Velocidad Altura

25/10/12 19:14:52 022.5 29.8 0774.4 225.8 00.0 2207.3 00088 0 2.86 
25/10/12 19:14:59 022.5 29.8 0774.4 225.7 00.0 2207.3 00088 0 2.86 
25/10/12 19:14:59 022.5 29.8 0774.4 225.7 00.0 2207.3 00096 0 2.86 
25/10/12 19:14:59 022.5 29.8 0774.4 225.8 00.0 2207.3 00096 0 2.86 
25/10/12 19:14:59 022.5 29.8 0774.4 225.7 00.0 2207.3 00096 0 2.86 
25/10/12 19:14:59 022.5 29.8 0774.3 225.8 00.0 2208.3 00104 0 2.86 
25/10/12 19:14:59 022.5 29.8 0774.4 225.7 00.0 2207.3 00104 0 2.86 
25/10/12 19:14:59 022.5 29.8 0774.5 225.7 00.0 2206.3 00112 0 2.86 
25/10/12 19:14:59 022.6 29.8 0774.4 225.8 00.0 2207.3 00112 0 2.86 
25/10/12 19:15:01 022.6 29.8 0774.4 225.0 00.0 2207.3 00112 0 2.86 
25/10/12 19:15:03 022.6 29.8 0774.4 225.8 00.0 2207.3 00120 0 2.86 
25/10/12 19:15:04 022.6 29.8 0774.5 225.7 00.0 2205.4 00120 0 2.86 
25/10/12 19:15:05 022.6 29.8 0774.5 225.8 00.0 2206.0 00120 0 2.86 
25/10/12 19:15:07 022.6 29.8 0774.4 225.7 00.0 2207.0 00120 0 2.86 
25/10/12 19:15:08 022.6 29.8 0774.5 225.8 00.0 2206.0 00128 0 2.86 
25/10/12 19:15:09 022.6 29.8 0774.4 225.7 00.0 2207.0 00128 0 2.86 
25/10/12 19:15:11 022.6 29.8 0774.4 225.7 00.0 2207.0 00128 0 2.86 
25/10/12 19:15:12 022.6 29.8 0774.4 225.8 00.0 2207.0 00136 0 2.86 
25/10/12 19:15:13 022.6 29.8 0774.3 225.9 00.0 2208.0 00136 0 2.86 
25/10/12 19:15:15 022.6 29.8 0774.3 225.7 00.1 2208.0 00136 0 2.86 
25/10/12 19:15:15 022.6 30.9 0774.5 225.5 00.2 2206.0 00136 0 2.86 
25/10/12 19:15:16 022.6 30.9 0774.4 225.8 00.0 2207.0 00144 0 2.86 
25/10/12 19:15:18 022.6 30.9 0774.4 225.7 00.0 2207.0 00144 0 2.86 
25/10/12 19:15:18 022.6 30.9 0774.4 225.7 00.0 2207.0 00144 0 2.86 
25/10/12 19:15:19 022.6 30.9 0774.3 225.7 00.0 2208.0 00144 0 2.86 
25/10/12 19:15:21 022.6 30.9 0774.3 226.0 00.1 2208.0 00144 0 2.86 
25/10/12 19:15:21 022.6 32.0 0774.4 226.0 00.2 2207.0 00152 0 2.86 
25/10/12 19:15:22 022.6 32.0 0774.4 225.8 00.0 2207.0 00152 0 2.86 
25/10/12 19:15:24 022.6 31.5 0774.3 225.8 00.0 2208.0 00152 0 2.86 
25/10/12 19:15:24 022.6 31.5 0774.4 225.8 00.0 2207.0 00152 0 2.86 
25/10/12 19:15:25 022.6 30.9 0774.4 225.8 00.0 2207.0 00152 0 2.86 
25/10/12 19:15:27 022.6 30.9 0774.4 225.8 00.0 2207.0 00160 0 2.86 
25/10/12 19:15:27 022.6 30.9 0774.3 225.5 00.0 2208.0 00160 0 2.86 
25/10/12 19:15:28 022.7 37.0 0774.4 225.7 00.0 2207.0 00160 0 2.86 
25/10/12 19:15:30 022.7 40.8 0774.4 225.8 00.9 2207.0 00160 0 2.86 
25/10/12 19:15:30 022.8 40.8 0774.4 225.5 00.2 2207.0 00160 0 2.86 
25/10/12 19:15:31 022.8 39.2 0774.3 225.7 00.0 2208.0 00168 0 2.86 
25/10/12 19:15:33 022.8 38.1 0774.5 225.9 00.0 2206.0 00168 0 2.86 
25/10/12 19:15:33 022.8 37.6 0774.4 225.8 00.0 2206.7 00168 0 2.86 
25/10/12 19:15:34 022.8 36.5 0774.4 225.7 00.0 2207.0 00168 0 2.86 
25/10/12 19:15:36 022.8 36.5 0774.4 225.9 00.0 2207.0 00168 0 2.86 
25/10/12 19:15:36 022.8 35.9 0774.4 225.9 00.0 2207.0 00176 0 2.86 
25/10/12 19:15:37 022.8 35.4 0774.3 225.8 00.0 2207.6 00176 0 2.86 
25/10/12 19:15:39 022.8 35.4 0774.4 225.9 00.0 2206.7 00176 0 2.86 
25/10/12 19:15:39 022.8 35.4 0774.4 225.9 00.0 2207.0 00176 0 2.86 
25/10/12 19:15:40 022.8 34.8 0774.4 225.8 00.0 2206.7 00176 0 2.86 
25/10/12 19:15:42 022.8 34.8 0774.4 225.9 00.0 2206.7 00184 0 2.86 
25/10/12 19:15:42 022.8 34.3 0774.4 225.9 00.0 2207.0 00184 0 2.86 
25/10/12 19:15:43 022.8 34.3 0774.4 225.8 00.0 2206.7 00184 0 2.86 
25/10/12 19:15:45 022.8 34.3 0774.4 225.9 00.0 2206.7 00184 0 2.86 
25/10/12 19:15:45 022.8 34.3 0774.4 225.8 00.0 2206.7 00184 0 2.86 
25/10/12 19:15:46 022.8 34.3 0774.3 225.8 00.0 2207.6 00192 0 2.86 
25/10/12 19:15:48 022.8 34.3 0774.3 225.9 00.0 2207.6 00192 0 2.86 
25/10/12 19:15:48 022.9 34.3 0774.4 225.8 00.0 2206.7 00192 0 2.86 
25/10/12 19:15:49 022.8 34.3 0774.3 225.9 00.0 2207.6 00192 0 2.86 
25/10/12 19:15:51 022.8 33.7 0774.4 225.8 00.0 2206.7 00192 0 2.86 
25/10/12 19:15:51 022.8 33.7 0774.3 225.8 00.0 2207.6 00200 0 2.86 
25/10/12 19:15:55 022.8 33.7 0774.4 225.8 00.0 2206.7 00200 0 2.86 
25/10/12 19:15:55 022.8 33.2 0774.4 225.9 00.0 2206.7 00200 0 2.86 
25/10/12 19:15:56 022.8 33.2 0774.3 225.9 00.0 2207.6 00200 0 2.86 
25/10/12 19:15:57 022.8 33.2 0774.3 225.8 00.0 2207.6 00208 0 2.86 
25/10/12 19:15:59 022.8 33.2 0774.4 225.8 00.0 2206.7 00208 0 2.86 
25/10/12 19:16:01 022.8 33.2 0774.3 225.8 00.0 2207.6 00208 0 2.86 
25/10/12 19:16:02 022.8 33.2 0774.4 225.8 00.0 2206.7 00216 0 2.86 
25/10/12 19:16:03 022.8 33.2 0774.4 225.8 00.0 2206.7 00216 0 2.86 
25/10/12 19:16:03 022.8 33.2 0774.4 225.8 00.0 2206.7 00216 0 2.86 
25/10/12 19:16:05 022.8 33.2 0774.4 225.8 00.0 2206.7 00216 0 2.86 
25/10/12 19:16:07 022.8 32.6 0774.3 225.8 00.0 2207.6 00216 0 2.86 
25/10/12 19:16:08 022.8 32.6 0774.3 225.7 00.0 2207.6 00224 0 2.86 
25/10/12 19:16:09 022.8 32.6 0774.4 225.7 00.0 2206.7 00224 0 2.86 
25/10/12 19:16:11 022.8 32.1 0774.4 225.8 00.0 2206.7 00224 0 2.86 
25/10/12 19:16:12 022.8 32.1 0774.3 225.7 00.0 2207.6 00232 0 2.86 
25/10/12 19:16:13 022.8 32.1 0774.4 226.1 00.0 2206.7 00232 0 2.86 
25/10/12 19:16:14 022.8 32.1 0774.3 226.1 00.0 2207.6 00232 0 2.86 
25/10/12 19:16:16 022.8 32.1 0774.4 225.9 00.0 2206.7 00232 0 2.86 
25/10/12 19:16:17 022.8 32.1 0774.3 226.0 00.0 2207.6 00240 0 2.86 
25/10/12 19:16:19 022.8 32.1 0774.4 225.9 00.0 2206.7 00240 0 2.86 
25/10/12 19:16:21 022.8 32.1 0774.4 225.9 00.0 2206.7 00240 0 2.86 
25/10/12 19:16:22 022.8 32.1 0774.4 226.0 00.0 2206.7 00248 0 2.86 
25/10/12 19:16:23 022.8 32.1 0774.5 226.1 00.0 2206.3 00248 0 2.86 
25/10/12 19:16:24 022.8 32.1 0774.5 225.8 00.0 2206.3 00248 0 2.86 
25/10/12 19:16:26 022.8 31.5 0774.5 226.1 00.0 2206.3 00248 0 2.86 
25/10/12 19:16:27 022.8 31.5 0774.3 226.8 00.0 2207.6 00256 0 2.86 
25/10/12 19:16:28 022.8 31.5 0774.5 226.8 00.0 2206.3 00256 0 2.86 
25/10/12 19:16:30 022.8 30.9 0774.5 226.0 00.0 2206.3 00256 0 2.86 
25/10/12 19:16:32 022.8 30.9 0774.4 225.9 00.0 2207.3 00264 0 2.86 
25/10/12 19:16:33 022.8 30.9 0774.4 225.9 00.0 2206.7 00264 0 2.86 
25/10/12 19:16:34 022.8 30.9 0774.3 225.9 00.0 2207.6 00264 0 2.86 
25/10/12 19:16:36 022.8 30.9 0774.4 226.1 00.0 2207.3 00264 0 2.86 
25/10/12 19:16:37 022.8 30.9 0774.4 225.9 00.0 2207.3 00272 0 2.86 
